,Age,Income,Debt,Credit_Score,Loan_Amount,Delinquencies,Late_Payments,Debt_to_Income_Ratio
Age,1.0,0.001760222872011532,-0.0015730611370535926,0.0006676239623557856,-0.0020489547873154385,-0.001706183335719599,-0.0014698590841002574,-0.0016669081465779654
Income,0.001760222872011532,1.0,0.0021775042171505404,0.0006587274547330261,0.0015022757347533911,0.0022930373171156085,0.0012045044081281236,-0.6007804257069281
Debt,-0.0015730611370535926,0.0021775042171505404,1.0,-0.00700900692297651,0.0044075063259078244,0.003738734856077226,0.004884180491983255,0.6072316532334548
Credit_Score,0.0006676239623557856,0.0006587274547330261,-0.00700900692297651,1.0,-0.005321284429524673,-0.0015146451924336762,-0.002504248467917164,-0.00501361056017769
Loan_Amount,-0.0020489547873154385,0.0015022757347533911,0.0044075063259078244,-0.005321284429524673,1.0,0.0012948367143327383,-0.00046432584557723125,0.0017313712267397557
Delinquencies,-0.001706183335719599,0.0022930373171156085,0.003738734856077226,-0.0015146451924336762,0.0012948367143327383,1.0,0.004940622843318104,0.003209141957598598
Late_Payments,-0.0014698590841002574,0.0012045044081281236,0.004884180491983255,-0.002504248467917164,-0.00046432584557723125,0.004940622843318104,1.0,0.0015854973133397252
Debt_to_Income_Ratio,-0.0016669081465779654,-0.6007804257069281,0.6072316532334548,-0.00501361056017769,0.0017313712267397557,0.003209141957598598,0.0015854973133397252,1.0
